0.3424091888121987
0.2739105597467424
0.020587755589707157
0.1254476980057897
0.43623852989169803
0.31680356082988415
-0.07831505370547603
0.2698076556431092
0.08377483566667751
0.39217920275557583
-0.44713582050512546
-0.4457660660473498
-0.1035963281885954
0.31340991575813326
0.04268490120168114
0.31032770160886836
0.5550833155535794
0.5212452785086531
0.41139851828520235
0.618795941211099
0.780149714441878
0.7223356327130646
0.9175515424520418
0.74851196611761
0.8391651645627037
0.8130936868074911
1.0010924988549106
0.565431120677779
0.5531904384638735
0.5429152910780551
0.2445569268111028
0.6259155357213383
0.7001948948880697
0.7778675690878071
0.6052902373399591
0.41851061608719875
0.6911456849966683
0.5195092256631422
0.5426811834219862
0.5458571548845339
0.6522481182757378
0.9342414501071888
0.748028618480122
0.434892927863639
0.5460766521238392
0.20787632741207546
0.6294359417771542
0.604935875086173
0.7958123176338464
0.608041231229825
0.6027710903044117
0.5176621831132486
0.07123071827452879
0.5727231831002638
0.31671006557962034
0.49307188012785774
0.4374395867291727
0.18081545293787737
0.8579607313750445
0.6768338267240807
0.6622553017408398
0.20807342380551225
0.08063402841547082
0.09874519001487025
0.3370311843513195
-0.03853088771016727
0.1897537216209033
-0.16163371455803
-0.40528453967585476
-0.33142469986538414
0.10419250906671383
-0.1474201207510585
0.220681096716818
0.15339084691922522
0.7240894326107282
0.11700660138669375
0.293375787345176
0.6028138221505012
0.9066032680044653
0.814345287359102
0.7565533137994257
0.9337410322440972
0.8460318777579795
0.5299691437411782
0.900641292967919
1.1313666749578708
1.2718357598310663
1.1615349725267818
1.1568083926458068
1.1947333292046247
1.300683116453845
1.2093274189952647
0.9418219907992073
1.0459105266285693
0.16716525550608627
0.47321420216234167
0.6645571737858681
0.6281019364929963
0.8541341530412835
0.7899620420985739
0.789528766249786
0.8349636701964841
0.9609522394285197
0.7322244887460677
0.763808316849938
1.1749928490418995
1.2091798242332712
1.1525036731450098
1.2946111049632605
0.9711268702917518
1.170933510552258
0.9954571827036914
1.2527350542704223
0.010431684294957076
-0.35463869383751223
-0.3776476616953607
-0.33646854480881183
-0.2045736799900768
-0.1394606727590711
0.11321785336944167
0.2915494103351136
0.1081029795910984
-0.17978946676506186
0.33365658403879284
0.19204870408295405
0.35099243489020304
0.5040438869314864
0.7567036378702886
0.9207803776789345
0.6027958102021459
1.036923260385096
1.2124758414285974
1.2117610171845326
1.2262436236858552
1.193127568402272
1.4070162795653092
0.8128016254887952
0.8331889469360354
1.351768477075924
0.7227957177457259
0.9703694009556382
-0.8498476661582856
-1.0035871593919836
0.3446265918603553
0.645108827628763
-1.0393861384977772
0.5079558091088076
0.4523106951853141
0.7580865894017224
-1.892723187715482
-2.5871098876300467
-1.6104874984859543
-0.9691804294543126
-1.8002867203452246
-1.4908615973725312
-2.474780296007312
-2.150476105681058
-1.8179580379739049
-1.7478026316574846
-2.520602206817604
-3.6895239569781504
-1.9163695439125972
-0.4717423779203237
-0.05957283639034398
-0.24132731887956949
0.31311663864646944
0.7253733480179575
0.6991320494920533
0.7694222082150234
0.9291241602057785
1.0893403699389794
0.8180144835664478
0.5733332190017171
1.1283987620098657
1.277120907773062
1.1996547803147317
1.0495398947170758
1.351168079135753
0.5685299731109973
1.0980384808516876
0.8341139304462084
1.2984136160222928
1.3327593366636017
0.033092438658596915
0.8942702130200458
0.8766135553763658
0.9028191585317386
0.21202296651022384
0.7921879458431502
0.5487998564295795
0.6800059168184774
0.9552396270088164
0.7507336583753407
0.5665340734046639
0.6839082592204081
0.26131918327090065
0.010189407888515647
0.25404622122664916
-0.7988828339981685
0.006212648442326163
-0.1280177933857633
0.1882150911781259
0.35015027723031444
-0.23471277661695966
-0.30434171204423244
0.2940758244441264
-0.12233639322228601
0.0323575853653405
-0.36739903461286616
-0.9409956857239926
-2.6831094948601937
-1.2249665780606502
-0.16899545334132604
-0.034602026461241664
-0.22552721763664835
0.3269253973208861
0.37724596072312333
0.447615031909771
0.39228070381201763
0.32135090371641056
0.545637288166428
0.9057429848284668
0.018108382404850083
-2.3923853381950506
-0.5176499144763979
0.38872289346113653
0.33435225739798546
0.6683451869003261
0.5662201347591054
0.0024074908755623015
-0.03168058061271051
-1.1080902554418328
-2.1111865143013526
-1.7865029181393912
-1.0327801981629907
-0.6854053511393631
-0.7741063485153633
-0.059241625092835884
0.032705479226717495
0.1956414331992007
0.5236183427842112
0.5894559917013792
-0.7901711605217513
-1.9724350562410327
-1.7023090441206077
-1.228228491520977
-0.9230971217020006
-0.4178704822641488
-0.6620313368185543
-0.24000182251164026
0.36265044394296264
0.7539900866146716
0.17136464522987718
0.5448583052811566
-0.791603058431282
-0.037257525934089264
0.20379976741621542
0.6152892747521913
-0.3664238584128278
0.16804882893980988
0.2698474935215358
0.47365303613056914
0.8492529764817548
0.34263493516700044
0.08787235034845624
1.098250927817106
1.2012908815766146
0.5778662815864823
0.47044791752636117
-0.05658856114524702
0.6089338571501864
-0.032200267953707506
0.10814104586580206
0.050761348985103684
-0.09426257688340911
-0.4900126171749759
0.06091632181985439
-0.5499013197783914
-0.630833418299254
-0.9017535272878368
-0.35781852090087707
-0.7976241015946374
-0.7128057628393386
-0.9140124315998839
-0.5745992179052305
-0.80068539034124
-0.4252569193867313
-0.12090723263850575
0.10037589032200157
-1.1639827468859028
-0.2307873530423023
-0.48822079080656244
0.420314916363066
0.6788187135797968
0.2670849940165498
0.47054495780748257
0.3702749262850813
0.714498788069077
0.9395685800126389
0.9703050830938629
0.42797185934953896
0.8263278433626079
0.09055792452194186
-0.6215905835418724
-1.3431207428230603
-2.28216790688929
-1.215049578250297
-2.633247186950806
-0.34891934192456536
-2.825796929593707
-1.5439561973472973
-0.435769021195275
-0.4690159724693014
-0.1476990082836666
0.30086572557244795
0.3475351171117097
0.6324613051057753
0.6840046290890542
0.6556920150361808
0.5581116308812402
0.3807681007516889
0.5008374915648888
0.8446496818934602
0.8282344915533427
1.3210300443577623
0.5670633546701255
-2.2571586652700315
-0.20217926561146277
-0.13018744210702848
-2.5672800282432258
-0.3377122302617015
0.28059602570057396
0.41270684666436597
0.4822163231501325
0.11448846683380023
-0.2614270473932453
0.2955791527140259
0.6866980027044481
0.43328965061034125
0.23528916992013332
0.1861415819213514
0.1671756744227672
0.8137930580741214
0.8835136343427393
0.33829761505096345
0.8090877263929184
0.8885852760556979
0.4320065363687537
0.6002363963183174
0.49436723779623126
0.42034647803660796
0.0852483201284486
0.5899685122880068
0.7474828167888938
-0.579095868452995
-0.29520524941240434
0.08941539707288215
-0.4028147444916841
-0.12220971456538546
0.8343007459779197
1.0461905286812394
-0.2019763207906542
0.3081637793973907
0.7186777727424016
0.3931148408235542
0.9786332326733879
0.8478965299625826
0.5280279066554471
0.15092304843107232
0.8602544931512609
1.6045266661459845
0.5718603253227926
0.9930533265588721
0.9128593978241183
1.0026203023148508
1.0673776977223715
0.8959986091376181
1.0821065063086404
0.9950217348978418
0.2852219542551909
-0.15420688657213882
0.32641669355208164
0.5770029536529486
0.655825636700987
0.8056669776493827
0.27578139283184316
0.7376096730209342
1.1379581248758601
0.7595489744171687
0.8697205722142012
0.869691156127887
0.4308353991203513
0.6129254231009985
0.5444727892159441
0.7306138926702395
-0.2144909254799156
0.5412735549682461
0.7744720985373684
0.6071907957474308
0.48061157911347113
0.06468810984527637
-0.6903978681403665
-0.0276850739659949
0.33108560062077935
0.5497731616788467
-0.14107194503672793
0.23447343594056758
0.05433631909780405
-0.21898873569024008
-1.7638391143350125
-1.4760500370526515
-0.34366626019624785
-0.1300458285826419
0.33124971537205045
0.1992043232843515
-0.31370983998509805
-0.2356792365658027
0.037184090538101885
-0.3101010368646998
-1.9184088630715288
-0.32151126255124995
-0.009559786694988831
0.02526667983878493
-1.3749921541161076
-1.3476819476257154
-1.4268502363371383
-1.094976873658264
-0.5290219270976488
-0.8561461430128582
-1.691644332900391
-2.1048625245912307
-2.320541306657293
-1.8519593156556429
-0.7220126878971943
-0.22584111164624154
0.0034654249417110164
-0.19239400797372097
-0.23536103587081914
-0.8842134506522498
-0.5618927252197929
0.18291330359044405
-0.6664591191735777
-0.5831936915637458
-0.3655845838668901
-0.00020847208430518904
0.45171717524976407
0.34502829321150874
-0.7007527433621888
-0.32101365131966486
0.2745693332850838
0.43765972885600335
0.6592736556779906
0.7020267714255516
0.5604641070819151
0.8209797951762771
0.7252249349991954
0.4101463703302851
0.5793316259783593
0.19531890977337946
0.3674942760185193
-1.2492274731774864
-2.1573165622861605
-1.3411970317270439
-1.3616424132748834
-1.7872500292887912
-1.3600126265493984
-0.3679456125993193
-0.9811551245512028
-0.652056634775049
-0.6516603432753507
-0.7095305852793136
-2.4420989916218594
-1.2687731350376779
-0.6018811333362489
-0.3201545044008994
-0.16950593981948664
-1.4320492588582554
-1.3359243687568312
-1.131994648660716
-1.806663427931928
-2.2602731126490925
-1.4213797629826521
-2.473151349506324
-3.3115240294158816
-1.5014300204081774
-0.1916066309184397
0.027653682950807335
-0.16725796422332564
-0.32801926696074635
0.18097046805278305
-0.42079694741192575
-0.049643647375251926
0.40193435757008356
0.569486070353601
0.27860950324025957
0.7703487932613707
0.27710397663500264
0.5581496833889277
0.5373942414993738
0.33634168999003156
0.5605839304520853
-0.04378349991685382
-1.7997250193917567
-0.7992673778137653
-0.5632794116266837
-0.22443728003069452
-0.08322296747363461
-1.2223304552635916
-0.941664125974217
0.2937932808956754
-0.297818440346865
0.4711875124755156
0.7879647854158542
-0.3291743839236388
0.417904246433912
0.5177145763273844
1.0123631039791026
1.1730140456079772
0.9084869576599208
1.1836227526127883
0.8872279082857885
0.8556847530479792
0.6345967323347113
-0.2191539951573015
-1.8174528609680993
-1.0363002247735729
0.15566361452535454
0.7105678691309188
-1.8313535411062003
-0.8161147142291267
-0.562178271618763
0.062389594054263725
0.3142471377781296
0.47859308783286403
-1.8639188780333864
-2.5320095769522126
-0.43941396648756553
-1.869381718510014
-1.2709633202705337
-2.0913200614683003
-3.3355898440227447
-1.033353681045865
-0.4917944050933831
-0.9571320296113411
-0.27723742592129996
0.41626455612342794
0.29252505173623633
-0.14661131582800935
0.21765314705676292
0.47203550595550264
-1.2340635614807152
-0.5735479903830009
-0.2346312706754377
-0.16711271486434065
-0.4940492797317686
-2.0010915938985967
-3.2449229367179067
-2.0800156750384744
-1.6187549906406864
-0.8447725758632124
-0.318344077588316
-0.5295219947508205
-2.1713760627573735
-1.4138056320612677
-0.439074166886543
-0.1502721777568662
0.05490425857569424
0.31435468409920264
-0.08867999585214856
-0.8862019381415439
-0.9143632747543501
0.15445980150938848
0.5867915531836096
0.2218234753867706
0.5488203922664014
-0.1631465216280095
0.35912152521726015
0.06989153201217933
0.3052638147555917
-0.0323445402053433
-0.3666040726404566
-1.664035647477231
-2.2755804595247375
-3.2359014458208626
-2.6174581051419086
-1.2344413531033025
-1.1247403702592962
-1.9495597109304716
-2.306621247174192
-1.2834530498322811
-2.1879055839545396
-2.948414583011382
-1.874049134909781
-2.81779724140634
-1.8822252015084988
-0.4670863979444052
-1.1798809216451196
-0.5392741464432255
-0.5108596422967632
-0.9915213492238125
0.11686448498566362
-0.3327568511275518
0.6142541242564717
0.7938768266106824
0.7392330247017781
0.16864586758021394
-0.14197753494929571
-1.319918126946657
-0.3547156658551426
-0.1384066633652886
0.11076882052376825
0.12919853477908266
-0.32002375993243226
-1.0847323506065467
-2.0198856928464575
-1.3440295737003352
-1.3758094683393804
-1.2505374759689434
-0.8942471501879063
-1.3966288840872876
-2.3478667192286276
-3.157131023047193
-1.2843906708421295
-0.854886617782824
-0.8248474200243358
-1.9329248325090131
-1.0330947710288299
-2.10905521233867
-1.76552954696633
-2.0872171513521196
-0.9964100851245264
-1.1059973865018184
-1.6442312591852533
-1.5497151650354701
-1.9963819329612864
-0.588732142528007
-0.21112749995551267
0.2835163630047708
0.3289895663315453
0.3398576295064816
0.22233528073635325
0.37361693548008024
0.10648226249375072
0.1686102699750952
-1.2307776122412397
-3.0718387735105184
-1.5177972296589917
-0.7211772389944634
-1.140575513529876
-0.7772464003842554
-0.6885371493607947
-0.5919650565809019
-0.7537601030513936
-1.0093696602930606
-0.986447795048676
-1.7629580985038964
-2.9065979163834106
-2.758321593441967
-2.0931205689195638
-0.8095183443956339
-0.5180657176957821
-0.04769168787927801
-0.20337237637257038
0.09861032222895573
0.18158643739595826
-0.7239131252291497
-0.13900020305282834
-0.12481321147292804
0.3229863593748479
0.058295245285663086
0.35237634861504397
-0.1034312373605702
0.3355701733998503
0.41967679644753153
-0.19175575214656204
0.212770871773726
0.385953832681975
0.4986573496169022
-0.6214275687283053
-0.1760336716206422
0.12244297331542542
0.37704348812006194
0.46851635962459
0.606996655984068
0.2835017218589383
-0.24436632296245497
-0.17055333626161123
-0.1912582944311672
-0.32578962445630627
-0.25575572664046775
0.4633407580767953
0.47106331765203946
-0.17975042335384364
-0.8228141203121039
-2.101995986832717
-0.18388272718288587
-0.34963976707804806
0.04442518103098157
0.13540061220390875
-0.09002430224703628
-0.577144947906709
-0.7858850953844486
-0.8764228559701739
-0.10627756621781143
-0.5822474703291115
-0.258505391002008
0.1057859251570679
0.34681962270944144
0.34497803816707473
0.17800416440110248
0.4666475134963689
0.14863514893147056
0.25055620424288644
0.033008422775944374
0.10380029475510671
0.14226201898950336
0.2675214946029715
0.22870300283696013
-0.2444770502551829
0.25772401567929015
0.3877087793993226
0.09685583302104867
0.185144267187976
0.02499044711208774
0.3679145970275384
-0.24805355328329404
-0.14611294568717254
0.2308439908060561
0.01856798002912962
-1.091624242556164
-0.4855319149426808
-0.5471610712775722
-0.2432681464103077
-0.18681851130344812
-0.08108447446772771
-0.10887471266056928
-0.025529619747350712
-0.23676146796583847
-0.5531988122854159
-0.5821640610749163
-0.27645443982763285
-1.1169341982978076
-0.27266588365361744
0.39461323383153746
0.33591233071807064
-0.09252330084336155
-0.5037050310932697
-1.1544986715626124
-0.49676258473459256
-0.21919777237672117
-0.022713074915682488
-0.21243378249948253
0.05712813029865639
-0.578592952782112
-2.412520845315166
-1.8609091126400332
-0.6605464546279828
-0.01722689274092168
-0.09294987766167115
0.24496391149655625
-0.0859731361749149
-0.12474342316626752
-0.26332083430969366
-0.0726264488795447
0.027757890430774146
0.05686976021993419
-0.602780870242369
-1.250583050399947
-0.26049831509871607
-0.4778550458637826
0.019458662949243616
-0.1736741573852142
-0.40388926891634325
-0.21733678227455466
-0.14087324588220657
-2.2687183735225807
-2.2454666972800226
-1.713767897644587
-0.2812958586470764
-0.35643968741133464
-0.3764491430078999
0.21503503546753402
0.30228836759699584
0.4288481243573675
0.16623739309870406
-0.38913951699047605
-0.5231722701363567
-0.26316231496456577
-0.9219615210818409
-2.4525244824656793
-1.6710859771142994
-1.2566144480726922
-1.0495006972079737
-1.765429205779398
-2.9811551857936722
-1.6838944519676664
-2.830520399911743
-2.810264139258168
-1.3407195096604911
-0.6933271123439793
-0.1668198118077738
0.008137349551691417
0.25640712573679764
0.14034465114273553
0.11319593262575525
-0.6827545753672442
-0.7526357577329696
-0.21706576889691886
-0.0344103115561122
-0.40731520237410423
-1.995922959462694
-1.1574986335245026
-0.290310515163569
-0.015467919580696057
0.3070140441270423
0.2264843384451808
0.31278133881782116
0.5254267510186151
0.634633158503111
0.7370366777393196
0.7134260557753117
0.33941796625942355
0.5384033130813097
0.5961884740614599
0.7784862721030084
-0.07858310216670938
0.37263873570142286
0.3524853134937121
0.5939537592760126
0.3442733637761659
0.2478159434774407
0.19437135882050138
0.4599464347011298
0.4296445229588539
0.08699059089814974
0.4693980788310678
0.03811120950917049
0.19240042172642668
0.22762049237537224
-0.023171208473518473
0.38829538650750905
0.5937204048811884
0.5511775795217015
0.054139885280098166
-0.5594581435642044
-0.016174950860076615
-0.5854542073056941
-1.9259198777212179
-2.691488811122685
-1.275271454955778
-1.4668230400647184
-2.8880393752178986
-3.315415496184277
-1.1124459148483585
-0.33165183224307254
-0.4622198631427542
0.05653528695176821
0.23886429457682345
0.21128514030495393
0.13276952426368033
-0.9864639464619668
-0.8697258259064523
-0.2615214409683911
-0.21990519541838277
-0.35851868905189416
-0.0626537924793863
-0.5032583363619739
-0.012399351313842899
0.07190011652313767
-0.8688165832184997
-1.8905965603866925
-1.0535902119585003
0.07683806711026044
0.11006040378908252
0.061632944387618016
0.3585438858507063
0.5272933891182724
-0.011395232570283811
-1.4822616417639858
-0.3946780221507573
0.007239063251142798
-1.2785414028564102
-0.43719850746194366
0.009314887915838316
-0.25679474378211387
0.10658531046468803
0.0926022112786867
0.1335648059095038
0.3255420164819506
0.15641128653296188
0.2055546616562156
-0.12906576544073253
0.2602254382869433
-0.01828135210388733
-0.0033623950915523115
-0.19898900813126486
0.10065577717719418
0.26041236832518677
-1.522708082456814
-2.6402796149107357
-2.671840473475201
-1.1379666313845243
-1.684035319829055
-0.3476673584462825
-0.5707880993138001
-0.11680558297262567
-0.1620172929377136
-0.04836193526306504
-0.28614200119468286
-0.1873551061043338
-0.12689674914547305
0.04635221088399201
-1.023293607533724
-0.40628987553215196
-0.4755861681359418
-1.328202856625882
-2.360475259475889
-0.9398685713157635
-0.4405837740412104
-0.7539802258032865
-0.5360823447020385
-2.003885960645
-2.4841365703479976
-1.728926773508022
-0.49063476097554093
-0.5587480482698296
-0.22632015558401686
-0.4491233854345932
-0.1908997244853956
-0.2487483083196636
-0.04806522842123147
0.014465738131724581
0.07756258843234008
-1.3195053057117239
-0.3918065860254397
0.029944360272394818
0.0033803558042486415
0.34736021605575346
-0.3345113276802009
-0.47365776507991286
-0.521254500817931
-0.9449975422659079
-0.5689723861009364
-0.587869163165656
-0.5476407439659468
-0.7823766061043542
-0.07666738359726916
-0.3510550796406581
0.19237767243517787
0.6192388759627837
0.468251332073656
0.886627127090985
0.5035830919160722
0.6304146475194191
0.33935171354587734
-0.029822816441219188
-0.19134853607814295
0.15472950529750684
-0.5780575260398425
0.11776778939853302
-0.0796908939203177
0.023074489970628637
0.39903126783331266
0.468955401588947
-1.2971039146736083
-1.8611133053430207
-0.032887258601245514
-1.3455802259195075
-1.4325303581124733
-0.5330666604710979
-1.1201374645121533
-0.6617041440537997
-0.38272583397398535
-0.19742446351244847
-0.19943687089540785
-0.7023421921115812
-0.9832490601955367
-0.6045469267742442
-2.0885331266864435
-3.103714650280492
-1.9322314931819138
-0.48200765178974525
0.039046041380169344
-0.11156673457897051
0.2591665719711658
0.254753457886267
0.45429956961376516
0.40887456279382145
-0.32709538581036857
-1.333934240658127
-0.14245955239119762
0.1906810947830303
0.19477786941001768
0.2076192837509057
-0.9198163839608055
-0.21989174769660308
-0.395379153334285
0.1575328883256678
0.5565278055059928
0.0732258295850019
0.5084147468919211
0.25580389355372435
0.22600070140049683
-0.02030809725632625
-0.6266518733333949
-0.31532098291385785
-0.4737722641659684
-0.024939113027307544
0.21871718236342622
0.6027459854396015
0.11375556584252802
0.40981818339287
0.6511856821580323
0.8200456838604556
0.6916047251807936
1.0071912388751003
1.0942672648818506
-0.3410426156782486
0.5849696643022023
0.4846142526269283
0.8031937027581613
0.08664132435328285
0.09404764993206541
0.49642640830639706
0.12328694149202515
-0.14756984652923805
-0.28914162035474833
-0.15099998039452023
-2.137069951919023
-1.566148547361534
-0.24852639907452267
-0.34107844326628967
0.17093628756125367
0.45269772898060756
0.5340002975888406
-0.8997645360031091
-2.331446549563242
-0.9137245404454869
-1.2899519073743746
-1.6129897007383667
-0.42197348194917267
0.07591916894646195
0.3958403193098765
0.20114016117495573
0.1221819205242478
-0.5054764780331701
0.019775399239113617
0.243708250092232
0.11607170079067217
0.3157643159095861
0.33951041784082636
0.7028062490030167
0.2625833478855636
-0.22224083496029823
0.3161902753430483
-0.9401377587443873
-0.0689993501062516
0.30910091570753584
-0.02565489830659759
-0.8401024543812946
-0.007662160154867204
0.21086301794060663
0.1158357508851746
-0.5461223178905621
-1.023787726323771
0.442248857557078
0.7869685242911587
-0.3831627456858206
-0.6350801859207424
0.263519699095181
0.633843912116027
0.724410467784147
0.4944200070861987
-0.3928773668047418
-0.03524647447919205
-0.03084893634235958
-0.05049484088915465
-1.462384143968833
-0.24360967843588982
-0.31835702022370344
0.17976320589466982
0.132148255968152
-0.3313227993586152
-1.0454283287816186
-0.15087180725004185
0.3587982444529116
0.3434165957238226
0.31253339947870673
0.7363796070650598
1.1435564883218228
-0.06363597851535568
0.4818690614313344
-0.4147340078864529
0.3966529218281
-0.3568038654758639
0.8717126717102032
0.37969344718591386
-0.5132371066015716
0.3365587416549939
0.35902971691231494
0.10071808551486376
0.4240106185433222
-0.24423928487323088
0.8890791733452773
1.0017581044604453
-0.06693636939736139
-0.47374914742163055
-0.8200060455927094
-1.0754722072852072
-0.7382565925191896
-0.830474003897045
-0.09887684349565301
-0.11991273793187712
0.2096242214331962
0.29838193152695625
-0.02011591154324155
-0.47874762030897167
0.23824785702429843
0.25098217054395744
-0.25301973303916264
0.3907703461606298
-0.16290649336509905
0.6041410565112707
0.11817946353470771
0.4106330401336471
-0.5223453795729627
-0.6721898310723324
0.11346541916517627
0.08127926475846597
0.23565424479177943
-0.14634986499682345
-0.28392500382070796
-0.027704320762568763
0.4377859807573333
0.42324569274871826
0.7339420777085762
0.5269867305584586
0.28359628117880836
0.5810584955381218
0.5991261957725299
1.0102910840432662
0.6547912599355754
0.7212278759501961
-0.7254065575495073
0.1596448760914823
-0.7399348731366414
-0.12256008565715826
0.2735798144415583
0.5670617210030481
0.03261467971373157
-0.5143895342634904
-1.5031831775964157
-0.6486781142343798
-0.02133533816832045
-0.1285270567468942
0.10674907170604303
0.23330412558182334
-0.11593435699742885
-0.165511897291388
0.08090113206513402
0.22385500239207318
-0.28445977528792776
0.5146890222589203
0.4137178320480984
1.0832967345886213
1.0337105722638507
0.9479135865439924
0.9782392250476728
-0.1757139294803995
-0.4610164795195747
-0.29155732070862383
0.032995776160821284
0.1042868102558534
0.4229020271245917
0.6879517552549662
0.9616909524356504
1.1377652765132797
1.1903550574573125
1.136012614607694
0.7309722499542812
1.023834014344839
1.0885663808488917
0.9046277276969444
0.5998759688033103
0.6139914410138052
0.44998313068538653
0.5516844403657025
0.7004450918844843
-0.2656383506085804
0.05101977332948417
0.09520706208396659
-0.41970084673281904
-0.1479480907912642
-0.32392985854318523
-0.13251403590490027
-0.7767559478797392
-0.03185266980391255
0.1897067543640536
0.3575418466246416
0.30474638824119193
-0.03938048780561275
0.04989416911457116
0.29066375354797014
-0.1387343070059172
-0.9502525434642702
-1.5631810154078463
-0.9531309478582307
-0.7370637672583754
-0.16235800088171232
-0.17182832472951418
-0.2798841817435799
-0.3745561080962665
-0.32668444147144243
-0.0708531056692786
0.10264419762377015
0.10863171779705921
0.39973984479488
-0.012709914676144005
-0.05837189360575047
0.065201325814807
-0.12529554768114465
-0.03594952042934643
-0.43519196859490616
0.44840631378233375
0.5746070819037711
0.5852910055363773
0.6016848452220135
0.7572316743662272
0.2224268058096226
0.526794734100259
0.5410086129193232
0.7822368185577263
0.8306968403945151
0.563077455300195
0.6133546884798999
0.6285490302208259
0.4846445458505996
-0.1803652848577345
-0.23175615865508564
0.10539203512369627
-0.11005088448467934
-0.022666928594711727
0.1945813655597184
-1.0854984380842918
-1.242661680188677
-1.8808281921357017
-2.295358828418168
-2.189815871508073
-3.0153638175627266
-1.9039027184230148
-0.7696857035074659
-0.11858719676667856
0.1657327067639321
0.4462212269632133
0.3423625631266245
0.47350464374231327
0.5925755946635777
0.6207867196100118
0.5173650683144552
0.2945926597855786
0.28848172511467124
0.07835102015270264
0.40230771822318684
-0.1448129806239946
0.028837851078011973
0.49413779962791954
0.34644478065998235
0.051544968028087855
-0.4646672844897414
0.027704260654846706
0.07808069465299455
0.6095219315926239
0.5067015005222263
0.5602065163034861
0.7999250433808529
0.5963500379688603
0.5496424694949056
0.6940828055172793
0.5844436039753785
0.2475014975804311
-0.3422191649315035
-0.03693686114374803
-0.8842948953506308
-0.024463969223786658
-0.5635551915856
-0.027312167976284704
-0.9423137474121946
-0.17372331489800608
-0.40868520742318065
-0.7426310186003553
-0.5976104198946026
-1.2831219196707506
-1.9790001089715834
-1.463970746382925
-1.5979729844608532
-1.1130422470989236
-1.2549227734560087
-2.412319138557527
-2.601158536884477
-2.7187594738481184
-3.319160578935282
-1.5074917356679696
-0.6338149352287955
-0.13855627480787475
-1.3638579309184893
-0.3084570804547414
-1.5490129491025075
-1.5848460537431497
-0.6135676636808244
-2.1048674067663056
-1.2124329107017267
-0.6455183752637128
-0.19557173476875755
-0.29707184019480626
-0.6761347184988087
-0.4202712921172692
-1.2165885301331274
-1.1420227441063808
-0.7518086825446895
-0.7434601642311964
-1.0274336043703647
-0.6414226341293136
-0.040065960180109494
-0.17951091365355618
-0.23076327517743117
-0.0030874919049902194
0.1544193167541884
0.3127321040387001
0.030475841198133097
-0.09905850574754782
-0.14835719937620143
-0.10514939116410987
0.007373510099895952
-0.05327562183554968
-1.5946130207235472
-1.910244600789738
-1.016917759474428
-0.34000791691393456
-0.6924000994551963
-0.4431894680198841
0.26229365479197525
0.2851251238141051
0.4241032635114571
0.3069730752748855
0.2843126537937984
-0.6539794919473045
-1.3944597386496875
-0.017812537736656434
-0.0021190658356436687
-0.8541892049879434
-0.9130931391558087
-1.1344735811027609
-1.8441006033170249
-1.9008654471601423
-1.2441221497687445
-1.3766698487097186
-1.3518004730095377
-1.025416857041701
-0.7772468917135905
-0.2819395807183767
0.05560669002327058
-0.5343830159745447
-0.6285028754067494
-1.1112173300768027
-0.6230325653947665
-1.0858976607326456
-0.14674560459198088
-0.18680552391793584
-0.8360229972990703
0.11535239738223287
-1.270729288683837
-0.2618623727791981
0.22475912038571816
-1.0307102793563936
-0.8940060176806756
-0.7279318849081147
-0.3120826959890897
-0.7539576088493969
-1.7532020742099301
-0.9987644199206714
-0.6777215666790704
-0.28617724160944724
-0.7336208773524303
-0.0010294428244044598
-1.144716825762122
-1.7495636699260273
-2.69759374655451
-0.6088547750025165
-0.2683677754078079
0.04335565244576766
0.42789373132719927
-0.0821317706212501
-1.4524458858056328
-2.013454453016824
-2.141823921234338
-2.829511851719233
-1.6609680851123385
-1.464476206104346
-1.1297055955660218
-1.3232398053989556
-0.9154359727533524
-1.43026715022383
-0.927964990180717
-1.706437504851925
-1.3911639829106375
-0.4883278711086124
-0.3169860212838848
-0.3844216299361783
-0.4821135425548885
-0.004072154554523075
-0.9578140826460312
-0.26929491973091985
-0.4152149036444354
-0.7683982580964065
-1.1766950618223087
-1.7778819970607986
-2.0446523629458513
-2.054029039893781
-2.0815439480807063
-2.345732710551279
-2.019927014320353
-1.1733438390788868
-1.0330065081506619
-0.6474865843589857
-0.9817545850090587
-0.7065153791840937
-0.462122926510559
-0.5211939456909577
-1.0887426516953038
-1.1620463783449462
-1.5648190265770068
-1.7416676715818689
-0.9007712357138823
-1.1526499172893567
-1.4186827499043058
-1.2371985897927882
-1.5564001927089262
-2.095961607832061
-2.034536037109037
-1.7518384462974228
-1.2683311782322422
-1.5629340336115387
-2.1189041407914235
-2.042448337237267
-1.0511831404288343
-1.0596765138586561
-0.6787480811484604
-1.1202089772865897
-1.6406308224278345
-0.44257179538061686
-0.2932509383088122
-0.28421216162568447
-0.2990815558808115
-0.18875389152056823
0.009218027960185435
0.36268296174575865
-0.19791947929756143
0.5974538562632893
0.81675153617124
0.5938246613132474
1.104641634223459
1.257515295904307
1.081624904184725
0.7646773776860712
0.9296224548154817
-0.3504443754710954
0.3706174976790555
-0.36182950028310645
0.4387497396379635
0.013207606424406423
0.2633026680415821
0.3256686010467396
0.8179445287818642
0.5507454377373997
0.17131148156355802
-0.03323221708899793
-0.7715169329700439
-0.04677956570237758
0.6013901388315469
-0.1347394493778144
0.4270525310372858
0.051166134765694024
0.46352833872408034
0.6923465551678574
0.7881678268133568
0.5084894287586008
0.6447267820195618
0.8321112031735426
0.8203605782145333
0.36547414175644244
0.700696931249429
0.5775191276758324
0.634195050229403
-0.39874742604342217
-1.2363683053957444
-1.6432063339470053
-0.562602746538951
-0.9971570168553848
-0.3597913762457786
0.33758256555767585
0.45165086831038065
0.3093802754334001
0.7549649396894595
0.41270423676963597
1.1161025312747679
0.6411503463846148
0.5037223918801277
1.0737702621136886
0.9083453674687122
0.7913422773215184
0.9538502529006943
1.1685459211015825
0.9293249404313573
0.4243347605205243
0.8715268591682804
-0.7747548069578182
0.1475838397858036
0.5879388973850886
0.6764935135210793
0.3888006500019642
0.40819470065124797
0.29607713064429425
0.34085728834624895
0.45938984438006253
0.6175777087191362
0.33202488882207576
0.9280983778634674
0.8046767560493481
-0.21932025154023704
0.47341015527624514
-1.2932170063220583
-0.14243556900297977
0.5817027515617229
0.6553867778180501
0.3726718695471146
1.0677647534741386
0.8858978384211071
0.02676365588514472
0.627385028182581
1.070533701981149
1.0450479184496193
0.5152890847932033
0.12873687075586474
-0.7548313525264926
-2.0688594536170783
-2.2264490746449317
-0.3100440893526854
0.5827970034714406
0.5001584488180636
-1.165481594523667
-1.9304372162284205
-1.9362586678777216
-1.3456293022798564
-1.2282594268989575
-1.0950960215606549
-0.8415518886800358
-1.180052989651823
-0.58010457701009
-0.3433893952394862
-0.5009565553442417
-0.19309876194484477
0.0810931258976621
-0.15567724929775778
0.29773916813232065
0.1617591287130647
0.3613485481921954
0.6207735740970648
0.5586294189351875
0.6920170036626775
1.1120600597449868
1.3087416545695176
0.9939710924462081
-0.2858700779554433
0.1360599868470999
0.135702990094882
-1.183544011929325
-1.7276222288903837
-2.488829718547975
-3.0073558369267532
-1.358074914929297
-0.20844852348940857
0.10737911487099971
0.13864723688656438
0.4205092887901441
0.7590877070563131
0.8247257669897379
0.4866034705097947
0.41199045042871346
0.7028256344097638
0.8358265155846446
0.08113678424552404
-0.29387974519332205
-0.8294232028320521
-1.2687472415006935
-1.7862359001286379
-1.50959831291508
-1.259685282484154
-0.625145909591002
-0.6173252980381664
-1.8560474730608143
-0.6438494186853008
0.012642329874123587
0.08369759870476913
0.805979656602747
0.27273419105734503
0.26824786973273257
0.4185640350768237
-0.13767568831857238
-0.02194722153978841
0.12224494497722521
0.2765037162904185
0.46859021612299506
0.4608171486925769
-0.13106158320129008
-0.5648797743230263
0.7024484333885013
0.8691690072379984
1.3042140185569933
1.3068697646271228
1.5008095701011959
1.5508346443832766
1.6220375096719484
1.498078183149543
1.840735134390525
1.7076367833335513
1.6775650147265977
1.821003769007043
1.8155300101318832
1.6322078087401342
1.6878886723905508
1.7876663256985905
2.00055414375043
1.7838363855216044
2.1671535894812655
2.248601610148534
2.1935924764178476
1.6278658641410386
2.116013762238466
1.9382169580211959
1.9121383901009854
1.904934445100937
1.6251111538800562
1.8450466072572471
1.8937005438983854
1.8428056292613197
1.708678840395263
2.1182604199656905
1.7204098798540008
1.392174631221184
0.12436049282157798
-1.5410831898258506
-1.986339363744638
-1.8209311784584177
-2.2344801520433553
0.04038064982079784
0.6911692070748584
0.1767862357876272
0.13553520563936905
0.5652857771742226
0.6168351941116185
0.8700367892504893
0.7526558321252975
0.09423344401962519
0.42113765984288165
-0.02532654270579554
0.38867254406327345
0.7547911864404101
-0.15024202750004187
-0.6335370381445824
0.049370021728326885
0.8186901495103919
1.009884172553765
0.6194325343720193
0.7194282800214505
0.7250670182682175
1.2986048138458126
1.2105986720540596
1.6729584466114558
1.6002955083901327
0.7101023216297874
1.414579536208751
1.7397440488714668
1.6625020349051511
1.2945438772118032
1.126355750964783
1.276765836040842
1.4113411190516354
1.2735161790907785
1.2255621860800638
1.7123640331904575
1.5501193814990852
1.4794139020318045
1.6568186301235888
1.5516132378464937
0.6059347843760723
1.4123786542080712
1.105261644208734
-1.3332761603145005
-1.1225022390980328
-1.1535767801402086
-0.03723879285054982
-0.9516743578761332
0.41350732597755036
0.41246408783447974
0.5356076012273728
1.181116270909068
0.9718092812088622
1.3766784524617774
1.6478618525826056
1.5735046144453793
0.8846561103696211
1.0970193754861834
0.8663960282922039
-0.7560309641974589
-1.413317684262977
-2.0274705403800795
-1.960448961127394
0.10751349242788517
-1.7454554554641266
-1.7946100968775691
-1.0703922934230081
-0.8652600976140327
-1.5889367496016358
-2.4831543274096592
-1.4281481120651587
-0.6892459745981548
-0.49258045182223664
-0.021246765069631718
0.20401487755674408
-0.32511839769995304
-0.39634624303414767
-0.5642490150969345
0.21410069552622307
0.5245037277086539
0.8329025970096795
1.0597203762984786
1.1681662204932306
1.1996327421812154
1.1469277242593172
1.1262743568020492
0.40362855516423723
0.6740680018423794
-0.20695925741635268
0.6147898499920246
0.6348812988073008
0.5402983304906879
0.7771806973428829
1.0213296390275386
1.1936067486953026
0.4917304998357036
1.388026683118643
0.9212981159101966
0.8360353184059927
0.4744585939267321
0.4006406229147491
0.39094425644850045
0.3714461478411108
0.06836830202914063
-1.0177822732555217
-0.7208144130352151
-1.7885616323958207
-2.041997503821235
-1.0166112941780363
-0.7669088246002125
-0.8994675729427939
-2.0165547517513236
-0.565916903689048
-1.488727513714743
-1.9198541775822697
-0.27142301769047034
-0.09095040941132787
-0.26822662645641393
-0.2292658527034208
-0.6803298275015832
-0.6217412456993655
0.17176309369644996
-0.922441124494222
-1.1416969975854037
-2.0250926747333757
-1.380359568799527
-1.486651451759824
-0.7354570496311582
-2.140197685221929
-0.8871947988897867
-1.706167756374683
-1.3777487671745523
0.12763277041784046
0.936851856273197
0.8744113784779018
1.1142277385919144
0.9302885087156157
1.0457417537084728
-0.3719282815431539
-1.123769362840612
-0.296013136399112
0.5986500774106241
1.1110264236470195
0.6798920633635984
-1.4961047547023814
-0.007902108466659563
0.7527929237221539
0.7219566926566782
1.131256848843738
0.9600887520745947
1.279437085196891
1.238581706937289
1.2605962112007996
1.2048150089638376
1.1890965761587515
1.0138755441789875
1.258680650240224
0.6348796719975384
-0.19935699636708115
0.08577606864355776
0.6877326429713921
0.9028710728637894
0.30566915582779897
-0.2403309372358689
-2.677142898494444
-1.3170236635427175
-0.5259493152023594
-1.2633357913689713
-0.1263578125680884
0.17227559651144073
0.3133545347159792
-0.35250853910294117
-0.19428216949033256
-0.13211813274353776
-0.5994899307556701
0.33443287667695754
0.8791731606721952
0.45337989293423764
0.5444782806699335
0.9578412892398219
0.8399669221374766
1.146856881081634
0.3767126472185202
-0.8656527768789066
-0.22581542768239093
-1.100694461630909
-1.7751904420377933
-2.2835298046145365
-0.20866594993608067
-1.9711782708425494
-0.08971271682392673
0.5229749371123719
0.9136824292879163
0.7289276165646278
0.7476666547855294
0.8248024181029462
0.1206917289854251
0.5813862937693763
0.5482182491256442
0.14979742146253455
-0.8727600270227396
-0.3358054682542656
0.5590082282752349
-0.23573187930415113
-1.9977774068903131
-0.16162243437712315
-1.4973968972713432
-0.009387877577973491
0.6323705841439634
1.2456896217201963
0.8998753262590304
1.0613165324153173
-1.1537152825507824
-0.16540829095313458
0.971847370305289
0.14343710275100366
-1.6492740113994673
0.18245672505052626
-0.24256702967691723
-0.9491347807717653
0.6204473861036498
0.3416668225683685
-2.190788106938101
-1.4010331742139814
-2.280304218939756
-1.748194785815107
-0.79924793966721
-1.0736527809265417
-0.44853444112573393
-0.4288719097470855
-0.13026886685840028
-0.300358061373378
-0.18406922212211585
-0.1163531967698507
-0.6842472734618527
0.36752565253224956
-0.1609740639870249
0.18664118350439457
0.31101800086015485
0.11085000526757961
-0.4421882122752001
0.10936454760043807
-0.5063373380074471
-1.3596696088930975
-0.05844360228201946
-0.6139094376067261
-0.629053412659462
-0.2982983375386997
-0.8318665921618636
-0.5849786108732459
-0.0890614817693719
0.5774884799221698
0.8496642332559844
0.8714694556176724
0.616875526828895
0.6076185733546065
0.233689482070355
-0.1942266718186939
0.05835900958129152
-0.5044965219668717
-0.0500748596912948
0.13745989095724828
0.34137980048110494
-0.05219169081583687
-0.40137632872744705
-0.6007976289563498
-1.4617174081232278
-2.3524819258688305
-2.586768883012457
-2.5762088390206035
-2.5542225387828146
